{"camera_angle_x": 1.20428, "frames": [{"file_path": "train/r_0", "transform_matrix": [[-0.08912490773626715, -0.7332399589896484, 0.6741037853045038, 0.38861873155165394], [-0.9952971102847786, 0.09135235346452096, -0.03222436617316804, 0.10391266775124329], [-0.03795277433562738, -0.6738055432076467, -0.7379333824017431, 0.7110486988570517], [0.0, 0.0, 0.0, 1.0]]}, {"file_path": "train/r_1", "transform_matrix": [[-0.054385618589728985, -0.46246675558545386, 0.8849670640588141, 0.34393100480773864], [-0.9979955060276662, 0.053898144521004415, -0.03316564435942537, 0.11343074821051619], [-0.03236007477116648, -0.8849968869976083, -0.46447102769209136, 0.6621215421340004], [0.0, 0.0, 0.0, 1.0]]}, {"file_path": "train/r_2", "transform_matrix": [[-0.002801450020032903, -0.3712888580113371, 0.9285131855791937, 0.32380662582349384], [-0.9990347138474109, 0.04174386647632272, 0.01367808975801238, 0.12312433944591775], [-0.04383825276635195, -0.9275785861738313, -0.37104740137366454, 0.552059035304054], [0.0, 0.0, 0.0, 1.0]]}, {"file_path": "train/r_3", "transform_matrix": [[0.32883426631836876, -0.49842742668287887, 0.8021459503264625, 0.39063583988254424], [-0.9443864749551064, -0.17488883885765358, 0.2784745589185665, -0.086565108301024], [0.0014870160485332962, -0.8491077636986399, -0.5282175635190165, 0.6740525527721373], [0.0, 0.0, 0.0, 1.0]]}, {"file_path": "train/r_4", "transform_matrix": [[0.05341753262395807, -0.5873513008593554, 0.8075673449237475, 0.3918782031639035], [-0.9983735511726013, -0.015280421727887586, 0.05492504921096475, -0.10708007169074685], [-0.019920329499718892, -0.80918783857065, -0.587212246450959, 0.6862524030613846], [0.0, 0.0, 0.0, 1.0]]}, {"file_path": "train/r_5", "transform_matrix": [[-0.07374551043227306, -0.8851691269303442, 0.45938787143377646, 0.5351190061001556], [-0.9971713428881098, 0.07215663109264314, -0.021041233616030275, 0.0544825168204085], [-0.014522830778042645, -0.459640117177268, -0.8879865145752273, 0.7056457053006298], [0.0, 0.0, 0.0, 1.0]]}, {"file_path": "train/r_6", "transform_matrix": [[-0.25348901440992533, -0.712176847602035, 0.6546353621010043, 0.44897343497455316], [-0.9350739433230942, 0.007076822391245383, -0.3543820524561623, 0.18264063075069575], [0.24774995477635117, -0.7019644266802065, -0.6677319099637559, 0.6268419186509067], [0.0, 0.0, 0.0, 1.0]]}, {"file_path": "train/r_7", "transform_matrix": [[-0.1867737764141401, -0.7645581233723562, 0.6169006665820209, 0.4673319486145087], [-0.947684906040394, -0.02524310226517096, -0.31820764392333467, 0.24520881235929384], [0.25886072569474583, -0.644060293585446, -0.719845443772077, 0.6131125990017707], [0.0, 0.0, 0.0, 1.0]]}, {"file_path": "train/r_8", "transform_matrix": [[-0.0695360113752592, -0.725232246898126, 0.6849838911836653, 0.46263468874239844], [-0.9969598326083833, 0.026323492415052087, -0.07333597965895777, 0.2735962055894678], [0.035154449042535174, -0.6880009170096871, -0.7248578501377669, 0.6343005798902555], [0.0, 0.0, 0.0, 1.0]]}, {"file_path": "train/r_9", "transform_matrix": [[-0.12946335972834916, -0.7568110087440084, 0.6406842713316165, 0.42418264038776127], [-0.9915657191213948, 0.09486354631034483, -0.08830816635337979, 0.08479903527768096], [0.006055010414458717, -0.6467132321402597, -0.7627092055453241, 0.682436960242282], [0.0, 0.0, 0.0, 1.0]]}, {"file_path": "train/r_10", "transform_matrix": [[-0.0003599307850433997, -0.755646760215191, 0.6549792700735774, 0.42197871556076705], [-0.9894679701518306, 0.09507838219275752, 0.10914777727111286, 0.1120117793464563], [-0.14475153364799453, -0.6480417232060711, -0.7477224876186752, 0.6893550185857201], [0.0, 0.0, 0.0, 1.0]]}, {"file_path": "train/r_11", "transform_matrix": [[-0.2403844034660495, -0.7587134667883428, 0.6054495964853605, 0.4232487664403587], [-0.9603147719067291, 0.09498698450869988, -0.26224608983104236, 0.059690245469541846], [0.14145980852524373, -0.6444620610151992, -0.7514371394095738, 0.6791943285042171], [0.0, 0.0, 0.0, 1.0]]}, {"file_path": "train/r_12", "transform_matrix": [[0.0020081662963908065, -0.6287584322005739, 0.777598097480184, 0.41716257131046564], [-0.9951630900179691, 0.07511636865037866, 0.06330841513311847, 0.10926114614270396], [-0.0982160451963573, -0.7739640593060224, -0.6255663381037462, 0.7263148938478163], [0.0, 0.0, 0.0, 1.0]]}, {"file_path": "train/r_13", "transform_matrix": [[0.07269459839286957, -0.6682772034970963, 0.7403519937506753, 0.4349389505858051], [-0.9943332378354104, 0.009171779629979115, 0.10591171131734306, -0.0860406012674699], [-0.0775687275920427, -0.7438558044033263, -0.6638234966881119, 0.6879525751166893], [0.0, 0.0, 0.0, 1.0]]}, {"file_path": "train/r_14", "transform_matrix": [[-0.11915684830626344, -0.7728882153006549, 0.6232539226920969, 0.5318404432726368], [-0.9920601655340342, 0.06724637796807606, -0.10627583267497315, 0.19167201855397062], [0.04022776979031217, -0.6309688829883315, -0.7747644772691598, 0.6040778465486418], [0.0, 0.0, 0.0, 1.0]]}, {"file_path": "train/r_15", "transform_matrix": [[-0.009885913033472485, -0.6911626526114467, 0.7226316187094246, 0.4047028604321729], [-0.9987498342205321, -0.028587787004504997, -0.04100618341963158, 0.13729301126735227], [0.04900038130416984, -0.7221335929516738, -0.6900159683389597, 0.7047294721730509], [0.0, 0.0, 0.0, 1.0]]}, {"file_path": "train/r_16", "transform_matrix": [[-0.39201620870052367, -0.6912185240390087, 0.607075155266135, 0.4106464450735195], [-0.9150098202564172, 0.36131322738914473, -0.17947083481156373, 0.08398915520851123], [-0.09529071807047551, -0.6258352049373499, -0.7741123789932821, 0.6799930221328319], [0.0, 0.0, 0.0, 1.0]]}, {"file_path": "train/r_17", "transform_matrix": [[-0.11025802954430702, -0.7559324927256037, 0.6452977865781517, 0.3631046593310957], [-0.9932190517527268, 0.1078833459134026, -0.04332549953483811, 0.2068526128771556], [-0.03686573146461164, -0.6456990398910195, -0.7627015587550576, 0.6801929236265626], [0.0, 0.0, 0.0, 1.0]]}, {"file_path": "train/r_18", "transform_matrix": [[0.18810196498867887, -0.7179245223801809, 0.6702253583180706, 0.4204159812269573], [-0.973214085024628, -0.044405419584923195, 0.2255715040096208, 0.011199563766598412], [-0.1321816760261167, -0.6947032020054862, -0.7070470038450419, 0.6663375610799661], [0.0, 0.0, 0.0, 1.0]]}, {"file_path": "train/r_19", "transform_matrix": [[0.03471892208291229, -0.767038869517717, 0.6406605724550113, 0.389265659054946], [-0.9958591155377643, 0.027340228277331083, 0.08670140666727932, 0.12691446616740634], [-0.08401915525487147, -0.6410178504275256, -0.7629134269257107, 0.8007604707728926], [0.0, 0.0, 0.0, 1.0]]}]}